Object obj_1
{
faces 1 2 3; 2 3 4; 3 4 5; 4 5 6;
img BAMBUS.png
vertexes (0.1 0.2 0.9 1.0) (0.123 0.234 0.345 1.0) (0.15 0.35 0.24 1.0) (0.24 0.78 0.67) (0.3 0.2 0.5 1.0) (0.5 0.7 0.8)
texture (0.6 0.88) (0.2 0.3) (0.3 0.4) (0.35 0.28) (0.55 0.77) (0.11 0.12)
}
Object Obj2_2
{
vertexes (0.15 0.35 0.24 1.0) (0.24 0.78 0.67) (0.3 0.2 0.5 1.0)
faces 2 3 1;
}
Object obj_9
{
img PICTURE.png
faces 1 2 3; 2 3 4; 3 4 5; 4 5 6;
vertexes (0.123 0.234 0.345 1.0) (0.15 0.35 0.24 1.0) (0.24 0.78 0.67) (0.3 0.2 0.5 1.0) (0.5 0.7 0.8)
texture (0.2 0.3) (0.3 0.4) (0.6 0.88) (0.35 0.28) (0.11 0.12)
}
