Object oBj0_1a
{
vertexes (0.12 0.234 0.345 1.0) (0.15 0.35 0.24 1.0) (0.24 0.78 0.67) (0.3 0.2 0.5 1.0) (0.5 0.7 0.8) (0.1 0.2 0.9 1.0)
faces 1 2 3; 2 3 4; 3 4 5; 4 5 6;
Object obj_5
{
texture (0.35 0.28) (0.55 0.77) (0.11 0.12)
vertexes (0.123 0.234 0.345 1.0) (0.15 0.35 0.24 1.0) (0.24 0.78 0.67)
faces 1 2 3; 2 3 4;
img PAint2.png
Object Obj_2
{
vertexes (0.3 0.2 0.5 1.0) (0.5 0.7 0.8) (0.1 0.2 0.9 1.0)
faces 3 2 1;
Object obj_4
{
img red1.png
vertexes (0.24 0.78 0.67) (0.3 0.2 0.5 1.0) (0.5 0.7 0.8) (0.1 0.2 0.9 1.0)
texture (0.5 0.18) (0.66 0.17) (0.41 0.65) (0.91 0.99)
faces 1 2 3; 2 3 4; 3 4 1;
Object O1bj_r3
{
vertexes (0.15 0.35 0.24 1.0) (0.24 0.78 0.67) (0.3 0.2 0.5 1.0) (0.215 0.435 0.254 1.2) (0.264 0.178 0.967) (0.33 0.42 0.15 1.13) (0.4 0.8 0.9) (0.3 0.422 0.415 6.13)
faces 2 3 1; 1 2 3; 2 3 4; 3 4 1; 4 5 6;
}
}
}
}
}
