Object oBj_1
{
vertexes (0.123 0.234 0.345 1.0) (0.15 0.35 0.24 1.0) (0.24 0.78 0.67) (0.3 0.2 0.5 1.0) (0.5 0.7 0.8) (0.1 0.2 0.9 1.0) (0.3 0.2 0.5 7.2) (0.515 0.301 0.14 12.4) (1.24 2.73 0.47) (1.22 0.21 2.5 1.9) (0.6 0.33 0.28) (0.31 0.12 0.95 1.70)
faces 1 2 3; 2 3 4; 3 4 5; 4 5 6; 7 8 9;
}
Object obj_5
{
texture (0.35 0.28) (0.55 0.77) (0.11 0.12) (0.654 0.17)
vertexes (0.123 0.234 0.345 1.0) (0.15 0.35 0.24 1.0) (0.24 0.78 0.67) 
(0.123 0.234 0.345 1.5)
faces 1 2 3; 2 3 4;
img MYimage.png
Object Obj_2
{
vertexes (0.3 0.2 0.5 1.0) (0.5 0.7 0.8) (0.1 0.2 0.9 1.0)
faces 3 2 1;
Object obj_4
{
vertexes (0.24 0.78 0.67) (0.3 0.2 0.5 1.0) (0.5 0.7 0.8) (0.1 0.2 0.9 1.0)
texture (0.5 0.18) (0.66 0.17) (0.41 0.65) (0.91 0.99)
img GREEN.png
faces 1 2 3; 2 3 4; 3 4 1;
Object O1bj_r3
{
vertexes (0.15 0.35 0.24 1.0) (0.24 0.78 0.67) (0.3 0.2 0.5 1.0) (0.215 0.435 0.254 1.2) (0.264 0.178 0.967) (0.33 0.42 0.15 1.13) (0.4 0.8 0.9) (0.3 0.422 0.415 6.13)
faces 2 3 1; 1 2 3; 2 3 4; 3 4 1; 4 5 6;
}
}
Object obj_6
{
texture (0.35 0.28) (0.55 0.77)
vertexes (0.123 0.234 0.345 1.0) (0.24 0.78 0.67)
faces 1 2 3;
img square.png
}
Object obj_7
{
texture (0.35 0.28) (0.55 0.77) (0.11 0.12) (0.44 0.11) (0.1 0.74)
vertexes (0.123 0.234 0.345 1.0) (0.15 0.35 0.24 1.0) (0.24 0.78 0.67) (0.287 0.555 0.2324 1.22) (0.24254 0.728 0.6666)
faces 1 2 3; 2 3 4; 3 4 5;
img snake.png
Object obj_8
{
texture (0.35 0.28) (0.55 0.77) (0.11 0.12)
vertexes (0.123 0.234 0.345 1.0) (0.15 0.35 0.24 1.0) (0.24 0.78 0.67)
faces 1 2 3; 2 3 4;
img IMAGE22.png
}
}
}
}
